0 / 1500 epochTrain loss: 1.120070, acc: 0.470 Val loss: 0.993250, acc: 0.502--- 0.5308 seconds ---
1 / 1500 epochTrain loss: 1.116034, acc: 0.525 Val loss: 0.703100, acc: 0.589--- 0.4934 seconds ---
2 / 1500 epochTrain loss: 0.782701, acc: 0.593 Val loss: 0.624933, acc: 0.659--- 0.5135 seconds ---
3 / 1500 epochTrain loss: 0.663705, acc: 0.649 Val loss: 0.693986, acc: 0.647--- 0.5171 seconds ---
4 / 1500 epochTrain loss: 0.679357, acc: 0.659 Val loss: 0.709963, acc: 0.647--- 0.5057 seconds ---
5 / 1500 epochTrain loss: 0.671327, acc: 0.676 Val loss: 0.695511, acc: 0.661--- 0.5099 seconds ---
6 / 1500 epochTrain loss: 0.626637, acc: 0.697 Val loss: 0.683698, acc: 0.678--- 0.5101 seconds ---
7 / 1500 epochTrain loss: 0.596622, acc: 0.712 Val loss: 0.682552, acc: 0.680--- 0.5148 seconds ---
8 / 1500 epochTrain loss: 0.580345, acc: 0.720 Val loss: 0.684089, acc: 0.673--- 0.5137 seconds ---
9 / 1500 epochTrain loss: 0.574822, acc: 0.722 Val loss: 0.679016, acc: 0.678--- 0.5110 seconds ---
10 / 1500 epochTrain loss: 0.571768, acc: 0.721 Val loss: 0.672108, acc: 0.678--- 0.5114 seconds ---
11 / 1500 epochTrain loss: 0.564956, acc: 0.723 Val loss: 0.658676, acc: 0.677--- 0.5152 seconds ---
12 / 1500 epochTrain loss: 0.556523, acc: 0.722 Val loss: 0.646331, acc: 0.678--- 0.5121 seconds ---
13 / 1500 epochTrain loss: 0.546249, acc: 0.727 Val loss: 0.631253, acc: 0.684--- 0.5306 seconds ---
14 / 1500 epochTrain loss: 0.538051, acc: 0.728 Val loss: 0.620313, acc: 0.683--- 0.5123 seconds ---
15 / 1500 epochTrain loss: 0.531367, acc: 0.734 Val loss: 0.615618, acc: 0.687--- 0.5137 seconds ---
16 / 1500 epochTrain loss: 0.531748, acc: 0.736 Val loss: 0.611419, acc: 0.690--- 0.5137 seconds ---
17 / 1500 epochTrain loss: 0.529783, acc: 0.738 Val loss: 0.609742, acc: 0.689--- 0.5137 seconds ---
18 / 1500 epochTrain loss: 0.528595, acc: 0.740 Val loss: 0.608938, acc: 0.688--- 0.5140 seconds ---
19 / 1500 epochTrain loss: 0.525091, acc: 0.745 Val loss: 0.610315, acc: 0.690--- 0.5153 seconds ---
20 / 1500 epochTrain loss: 0.525659, acc: 0.746 Val loss: 0.612583, acc: 0.690--- 0.5125 seconds ---
21 / 1500 epochTrain loss: 0.524296, acc: 0.748 Val loss: 0.616811, acc: 0.690--- 0.5172 seconds ---
22 / 1500 epochTrain loss: 0.519861, acc: 0.749 Val loss: 0.620473, acc: 0.692--- 0.5118 seconds ---
23 / 1500 epochTrain loss: 0.518234, acc: 0.750 Val loss: 0.623554, acc: 0.694--- 0.5087 seconds ---
24 / 1500 epochTrain loss: 0.517030, acc: 0.751 Val loss: 0.626358, acc: 0.696--- 0.5084 seconds ---
25 / 1500 epochTrain loss: 0.515366, acc: 0.754 Val loss: 0.627456, acc: 0.697--- 0.5110 seconds ---
26 / 1500 epochTrain loss: 0.515513, acc: 0.755 Val loss: 0.627168, acc: 0.699--- 0.5122 seconds ---
27 / 1500 epochTrain loss: 0.514627, acc: 0.755 Val loss: 0.628915, acc: 0.700--- 0.5075 seconds ---
28 / 1500 epochTrain loss: 0.512053, acc: 0.755 Val loss: 0.628897, acc: 0.699--- 0.5120 seconds ---
29 / 1500 epochTrain loss: 0.512078, acc: 0.755 Val loss: 0.627854, acc: 0.699--- 0.5111 seconds ---
30 / 1500 epochTrain loss: 0.511887, acc: 0.754 Val loss: 0.626501, acc: 0.701--- 0.5096 seconds ---
31 / 1500 epochTrain loss: 0.507870, acc: 0.755 Val loss: 0.626889, acc: 0.704--- 0.5106 seconds ---
32 / 1500 epochTrain loss: 0.510302, acc: 0.758 Val loss: 0.626954, acc: 0.704--- 0.5109 seconds ---
33 / 1500 epochTrain loss: 0.508369, acc: 0.758 Val loss: 0.628260, acc: 0.705--- 0.5210 seconds ---
34 / 1500 epochTrain loss: 0.507583, acc: 0.758 Val loss: 0.630569, acc: 0.705--- 0.5158 seconds ---
35 / 1500 epochTrain loss: 0.509181, acc: 0.759 Val loss: 0.630769, acc: 0.707--- 0.5113 seconds ---
36 / 1500 epochTrain loss: 0.505955, acc: 0.759 Val loss: 0.631539, acc: 0.707--- 0.5122 seconds ---
37 / 1500 epochTrain loss: 0.504879, acc: 0.760 Val loss: 0.632410, acc: 0.707--- 0.5115 seconds ---
38 / 1500 epochTrain loss: 0.506944, acc: 0.759 Val loss: 0.634807, acc: 0.706--- 0.5130 seconds ---
39 / 1500 epochTrain loss: 0.505098, acc: 0.760 Val loss: 0.636698, acc: 0.705--- 0.5106 seconds ---
40 / 1500 epochTrain loss: 0.504504, acc: 0.760 Val loss: 0.638057, acc: 0.706--- 0.5105 seconds ---
41 / 1500 epochTrain loss: 0.505071, acc: 0.762 Val loss: 0.638795, acc: 0.707--- 0.5128 seconds ---
42 / 1500 epochTrain loss: 0.504368, acc: 0.761 Val loss: 0.637254, acc: 0.708--- 0.5073 seconds ---
43 / 1500 epochTrain loss: 0.503502, acc: 0.761 Val loss: 0.637112, acc: 0.709--- 0.5116 seconds ---
44 / 1500 epochTrain loss: 0.503041, acc: 0.764 Val loss: 0.636969, acc: 0.710--- 0.5083 seconds ---
45 / 1500 epochTrain loss: 0.503058, acc: 0.763 Val loss: 0.635650, acc: 0.710--- 0.5106 seconds ---
46 / 1500 epochTrain loss: 0.501525, acc: 0.765 Val loss: 0.633450, acc: 0.711--- 0.5099 seconds ---
47 / 1500 epochTrain loss: 0.501751, acc: 0.765 Val loss: 0.633780, acc: 0.711--- 0.5076 seconds ---
48 / 1500 epochTrain loss: 0.501147, acc: 0.764 Val loss: 0.633707, acc: 0.715--- 0.5123 seconds ---
49 / 1500 epochTrain loss: 0.500984, acc: 0.763 Val loss: 0.632767, acc: 0.715--- 0.5097 seconds ---
50 / 1500 epochTrain loss: 0.500316, acc: 0.764 Val loss: 0.633072, acc: 0.712--- 0.5116 seconds ---
51 / 1500 epochTrain loss: 0.499686, acc: 0.764 Val loss: 0.632417, acc: 0.711--- 0.5101 seconds ---
52 / 1500 epochTrain loss: 0.500563, acc: 0.765 Val loss: 0.633542, acc: 0.713--- 0.5085 seconds ---
53 / 1500 epochTrain loss: 0.500276, acc: 0.766 Val loss: 0.634862, acc: 0.712--- 0.5122 seconds ---
54 / 1500 epochTrain loss: 0.499798, acc: 0.767 Val loss: 0.636058, acc: 0.714--- 0.5159 seconds ---
55 / 1500 epochTrain loss: 0.500374, acc: 0.767 Val loss: 0.637237, acc: 0.714--- 0.5097 seconds ---
56 / 1500 epochTrain loss: 0.500245, acc: 0.767 Val loss: 0.638161, acc: 0.714--- 0.5117 seconds ---
57 / 1500 epochTrain loss: 0.499713, acc: 0.767 Val loss: 0.637729, acc: 0.714--- 0.5110 seconds ---
58 / 1500 epochTrain loss: 0.500358, acc: 0.769 Val loss: 0.636991, acc: 0.716--- 0.5138 seconds ---
59 / 1500 epochTrain loss: 0.498371, acc: 0.770 Val loss: 0.636571, acc: 0.715--- 0.5124 seconds ---
60 / 1500 epochTrain loss: 0.498012, acc: 0.769 Val loss: 0.637948, acc: 0.716--- 0.5125 seconds ---
61 / 1500 epochTrain loss: 0.498581, acc: 0.769 Val loss: 0.639164, acc: 0.716--- 0.5144 seconds ---
62 / 1500 epochTrain loss: 0.497949, acc: 0.769 Val loss: 0.640669, acc: 0.716--- 0.5070 seconds ---
63 / 1500 epochTrain loss: 0.497729, acc: 0.770 Val loss: 0.641693, acc: 0.715--- 0.5104 seconds ---
64 / 1500 epochTrain loss: 0.498863, acc: 0.771 Val loss: 0.641178, acc: 0.715--- 0.5102 seconds ---
65 / 1500 epochTrain loss: 0.497744, acc: 0.769 Val loss: 0.640135, acc: 0.715--- 0.5059 seconds ---
66 / 1500 epochTrain loss: 0.496099, acc: 0.770 Val loss: 0.639808, acc: 0.716--- 0.5132 seconds ---
67 / 1500 epochTrain loss: 0.497460, acc: 0.772 Val loss: 0.640856, acc: 0.714--- 0.5092 seconds ---
68 / 1500 epochTrain loss: 0.496968, acc: 0.770 Val loss: 0.641357, acc: 0.715--- 0.5092 seconds ---
69 / 1500 epochTrain loss: 0.495830, acc: 0.771 Val loss: 0.641786, acc: 0.716--- 0.5063 seconds ---
70 / 1500 epochTrain loss: 0.494490, acc: 0.771 Val loss: 0.642268, acc: 0.713--- 0.5102 seconds ---
71 / 1500 epochTrain loss: 0.495283, acc: 0.770 Val loss: 0.643521, acc: 0.713--- 0.5093 seconds ---
72 / 1500 epochTrain loss: 0.494703, acc: 0.772 Val loss: 0.643307, acc: 0.716--- 0.5136 seconds ---
73 / 1500 epochTrain loss: 0.494886, acc: 0.772 Val loss: 0.642173, acc: 0.716--- 0.5082 seconds ---
74 / 1500 epochTrain loss: 0.492891, acc: 0.772 Val loss: 0.642175, acc: 0.714--- 0.5179 seconds ---
75 / 1500 epochTrain loss: 0.494072, acc: 0.769 Val loss: 0.643262, acc: 0.713--- 0.5097 seconds ---
76 / 1500 epochTrain loss: 0.494125, acc: 0.773 Val loss: 0.644065, acc: 0.714--- 0.5107 seconds ---
77 / 1500 epochTrain loss: 0.494767, acc: 0.771 Val loss: 0.643634, acc: 0.711--- 0.5124 seconds ---
78 / 1500 epochTrain loss: 0.494723, acc: 0.771 Val loss: 0.643876, acc: 0.713--- 0.5092 seconds ---
79 / 1500 epochTrain loss: 0.494009, acc: 0.772 Val loss: 0.643315, acc: 0.715--- 0.5087 seconds ---
80 / 1500 epochTrain loss: 0.491352, acc: 0.773 Val loss: 0.643919, acc: 0.715--- 0.5111 seconds ---
81 / 1500 epochTrain loss: 0.492014, acc: 0.773 Val loss: 0.642778, acc: 0.715--- 0.5104 seconds ---
82 / 1500 epochTrain loss: 0.491703, acc: 0.773 Val loss: 0.641435, acc: 0.716--- 0.5093 seconds ---
83 / 1500 epochTrain loss: 0.491860, acc: 0.773 Val loss: 0.641250, acc: 0.719--- 0.5131 seconds ---
84 / 1500 epochTrain loss: 0.491522, acc: 0.774 Val loss: 0.641548, acc: 0.719--- 0.5092 seconds ---
85 / 1500 epochTrain loss: 0.490864, acc: 0.775 Val loss: 0.642824, acc: 0.720--- 0.5078 seconds ---
86 / 1500 epochTrain loss: 0.490328, acc: 0.775 Val loss: 0.643408, acc: 0.718--- 0.5117 seconds ---
87 / 1500 epochTrain loss: 0.491078, acc: 0.774 Val loss: 0.645537, acc: 0.719--- 0.5098 seconds ---
88 / 1500 epochTrain loss: 0.491005, acc: 0.774 Val loss: 0.645845, acc: 0.720--- 0.5087 seconds ---
89 / 1500 epochTrain loss: 0.490272, acc: 0.773 Val loss: 0.645695, acc: 0.720--- 0.5096 seconds ---
90 / 1500 epochTrain loss: 0.489733, acc: 0.774 Val loss: 0.646625, acc: 0.722--- 0.5098 seconds ---
91 / 1500 epochTrain loss: 0.491392, acc: 0.775 Val loss: 0.645234, acc: 0.718--- 0.5117 seconds ---
92 / 1500 epochTrain loss: 0.490511, acc: 0.774 Val loss: 0.644983, acc: 0.719--- 0.5109 seconds ---
93 / 1500 epochTrain loss: 0.489528, acc: 0.776 Val loss: 0.644122, acc: 0.716--- 0.5084 seconds ---
94 / 1500 epochTrain loss: 0.490597, acc: 0.775 Val loss: 0.644315, acc: 0.716--- 0.5293 seconds ---
95 / 1500 epochTrain loss: 0.491650, acc: 0.774 Val loss: 0.645146, acc: 0.716--- 0.5117 seconds ---
96 / 1500 epochTrain loss: 0.489689, acc: 0.774 Val loss: 0.646257, acc: 0.715--- 0.5134 seconds ---
97 / 1500 epochTrain loss: 0.489835, acc: 0.773 Val loss: 0.646246, acc: 0.717--- 0.5103 seconds ---
98 / 1500 epochTrain loss: 0.488095, acc: 0.775 Val loss: 0.645095, acc: 0.718--- 0.5104 seconds ---
99 / 1500 epochTrain loss: 0.487609, acc: 0.777 Val loss: 0.645073, acc: 0.718--- 0.5073 seconds ---
100 / 1500 epochTrain loss: 0.490170, acc: 0.774 Val loss: 0.643928, acc: 0.719--- 0.5121 seconds ---
101 / 1500 epochTrain loss: 0.488449, acc: 0.776 Val loss: 0.643886, acc: 0.720--- 0.5068 seconds ---
102 / 1500 epochTrain loss: 0.488235, acc: 0.775 Val loss: 0.644451, acc: 0.719--- 0.5143 seconds ---
103 / 1500 epochTrain loss: 0.487963, acc: 0.776 Val loss: 0.645151, acc: 0.719--- 0.5107 seconds ---
104 / 1500 epochTrain loss: 0.487743, acc: 0.775 Val loss: 0.647182, acc: 0.718--- 0.5093 seconds ---
105 / 1500 epochTrain loss: 0.487335, acc: 0.775 Val loss: 0.647394, acc: 0.718--- 0.5103 seconds ---
106 / 1500 epochTrain loss: 0.488003, acc: 0.776 Val loss: 0.646984, acc: 0.719--- 0.5103 seconds ---
107 / 1500 epochTrain loss: 0.487559, acc: 0.776 Val loss: 0.647092, acc: 0.716--- 0.5089 seconds ---
108 / 1500 epochTrain loss: 0.486127, acc: 0.778 Val loss: 0.648352, acc: 0.713--- 0.5124 seconds ---
109 / 1500 epochTrain loss: 0.486898, acc: 0.776 Val loss: 0.647377, acc: 0.714--- 0.5099 seconds ---
110 / 1500 epochTrain loss: 0.486689, acc: 0.779 Val loss: 0.647350, acc: 0.715--- 0.5109 seconds ---
111 / 1500 epochTrain loss: 0.486861, acc: 0.776 Val loss: 0.647099, acc: 0.717--- 0.5084 seconds ---
112 / 1500 epochTrain loss: 0.488091, acc: 0.776 Val loss: 0.646393, acc: 0.717--- 0.5082 seconds ---
113 / 1500 epochTrain loss: 0.488651, acc: 0.776 Val loss: 0.645687, acc: 0.719--- 0.5119 seconds ---
114 / 1500 epochTrain loss: 0.488210, acc: 0.776 Val loss: 0.643903, acc: 0.715--- 0.5092 seconds ---
115 / 1500 epochTrain loss: 0.488061, acc: 0.777 Val loss: 0.646134, acc: 0.714--- 0.5228 seconds ---
116 / 1500 epochTrain loss: 0.487472, acc: 0.776 Val loss: 0.647487, acc: 0.715--- 0.5135 seconds ---
117 / 1500 epochTrain loss: 0.486912, acc: 0.775 Val loss: 0.649014, acc: 0.715--- 0.5147 seconds ---
118 / 1500 epochTrain loss: 0.487202, acc: 0.776 Val loss: 0.646799, acc: 0.717--- 0.5074 seconds ---
119 / 1500 epochTrain loss: 0.486688, acc: 0.779 Val loss: 0.643981, acc: 0.718--- 0.5106 seconds ---
120 / 1500 epochTrain loss: 0.486152, acc: 0.777 Val loss: 0.642623, acc: 0.718--- 0.5094 seconds ---
121 / 1500 epochTrain loss: 0.485950, acc: 0.777 Val loss: 0.641324, acc: 0.719--- 0.5103 seconds ---
122 / 1500 epochTrain loss: 0.487186, acc: 0.776 Val loss: 0.642359, acc: 0.719--- 0.5097 seconds ---
123 / 1500 epochTrain loss: 0.486738, acc: 0.779 Val loss: 0.643692, acc: 0.718--- 0.5109 seconds ---
124 / 1500 epochTrain loss: 0.486243, acc: 0.779 Val loss: 0.644017, acc: 0.718--- 0.5098 seconds ---
125 / 1500 epochTrain loss: 0.486445, acc: 0.778 Val loss: 0.643926, acc: 0.716--- 0.5104 seconds ---
126 / 1500 epochTrain loss: 0.486672, acc: 0.779 Val loss: 0.645077, acc: 0.718--- 0.5110 seconds ---
127 / 1500 epochTrain loss: 0.485503, acc: 0.780 Val loss: 0.644724, acc: 0.716--- 0.5064 seconds ---
128 / 1500 epochTrain loss: 0.485957, acc: 0.779 Val loss: 0.644626, acc: 0.717--- 0.5102 seconds ---
129 / 1500 epochTrain loss: 0.484386, acc: 0.779 Val loss: 0.644321, acc: 0.718--- 0.5090 seconds ---
130 / 1500 epochTrain loss: 0.486251, acc: 0.779 Val loss: 0.644369, acc: 0.719--- 0.5111 seconds ---
131 / 1500 epochTrain loss: 0.485892, acc: 0.779 Val loss: 0.644797, acc: 0.718--- 0.5108 seconds ---
132 / 1500 epochTrain loss: 0.484375, acc: 0.779 Val loss: 0.645827, acc: 0.715--- 0.5136 seconds ---
133 / 1500 epochTrain loss: 0.483914, acc: 0.778 Val loss: 0.648020, acc: 0.714--- 0.5131 seconds ---
134 / 1500 epochTrain loss: 0.484634, acc: 0.779 Val loss: 0.648671, acc: 0.712--- 0.5112 seconds ---
135 / 1500 epochTrain loss: 0.486643, acc: 0.779 Val loss: 0.648338, acc: 0.713--- 0.5139 seconds ---
136 / 1500 epochTrain loss: 0.484737, acc: 0.780 Val loss: 0.647862, acc: 0.715--- 0.5102 seconds ---
137 / 1500 epochTrain loss: 0.484523, acc: 0.781 Val loss: 0.648566, acc: 0.715--- 0.5085 seconds ---
138 / 1500 epochTrain loss: 0.483674, acc: 0.781 Val loss: 0.651052, acc: 0.718--- 0.5104 seconds ---
139 / 1500 epochTrain loss: 0.485046, acc: 0.783 Val loss: 0.651914, acc: 0.718--- 0.5069 seconds ---
140 / 1500 epochTrain loss: 0.484837, acc: 0.782 Val loss: 0.654015, acc: 0.718--- 0.5096 seconds ---
141 / 1500 epochTrain loss: 0.484125, acc: 0.781 Val loss: 0.654571, acc: 0.720--- 0.5113 seconds ---
142 / 1500 epochTrain loss: 0.485938, acc: 0.781 Val loss: 0.654072, acc: 0.722--- 0.5083 seconds ---
143 / 1500 epochTrain loss: 0.484861, acc: 0.780 Val loss: 0.652943, acc: 0.724--- 0.5104 seconds ---
144 / 1500 epochTrain loss: 0.484859, acc: 0.782 Val loss: 0.652083, acc: 0.721--- 0.5118 seconds ---
145 / 1500 epochTrain loss: 0.484871, acc: 0.780 Val loss: 0.651010, acc: 0.721--- 0.5087 seconds ---
146 / 1500 epochTrain loss: 0.483989, acc: 0.782 Val loss: 0.651144, acc: 0.719--- 0.5125 seconds ---
147 / 1500 epochTrain loss: 0.484027, acc: 0.782 Val loss: 0.650111, acc: 0.721--- 0.5074 seconds ---
148 / 1500 epochTrain loss: 0.482895, acc: 0.781 Val loss: 0.649899, acc: 0.722--- 0.5106 seconds ---
149 / 1500 epochTrain loss: 0.482922, acc: 0.782 Val loss: 0.650900, acc: 0.720--- 0.5082 seconds ---
150 / 1500 epochTrain loss: 0.481911, acc: 0.781 Val loss: 0.651742, acc: 0.720--- 0.5125 seconds ---
151 / 1500 epochTrain loss: 0.484327, acc: 0.780 Val loss: 0.650340, acc: 0.725--- 0.5100 seconds ---
152 / 1500 epochTrain loss: 0.483155, acc: 0.783 Val loss: 0.649902, acc: 0.724--- 0.5127 seconds ---
153 / 1500 epochTrain loss: 0.482113, acc: 0.781 Val loss: 0.649258, acc: 0.722--- 0.5061 seconds ---
154 / 1500 epochTrain loss: 0.482304, acc: 0.782 Val loss: 0.648820, acc: 0.720--- 0.5122 seconds ---
155 / 1500 epochTrain loss: 0.482273, acc: 0.783 Val loss: 0.648988, acc: 0.723--- 0.5131 seconds ---
156 / 1500 epochTrain loss: 0.484111, acc: 0.784 Val loss: 0.649346, acc: 0.723--- 0.5130 seconds ---
157 / 1500 epochTrain loss: 0.482588, acc: 0.783 Val loss: 0.647844, acc: 0.723--- 0.5136 seconds ---
158 / 1500 epochTrain loss: 0.481849, acc: 0.782 Val loss: 0.647023, acc: 0.722--- 0.5106 seconds ---
159 / 1500 epochTrain loss: 0.482003, acc: 0.783 Val loss: 0.650052, acc: 0.723--- 0.5085 seconds ---
160 / 1500 epochTrain loss: 0.481912, acc: 0.783 Val loss: 0.655068, acc: 0.725--- 0.5103 seconds ---
161 / 1500 epochTrain loss: 0.482952, acc: 0.781 Val loss: 0.655828, acc: 0.726--- 0.5090 seconds ---
162 / 1500 epochTrain loss: 0.481933, acc: 0.781 Val loss: 0.655267, acc: 0.725--- 0.5093 seconds ---
163 / 1500 epochTrain loss: 0.481802, acc: 0.782 Val loss: 0.653142, acc: 0.726--- 0.5058 seconds ---
164 / 1500 epochTrain loss: 0.482326, acc: 0.782 Val loss: 0.651897, acc: 0.724--- 0.5109 seconds ---
165 / 1500 epochTrain loss: 0.482177, acc: 0.784 Val loss: 0.651846, acc: 0.724--- 0.5106 seconds ---
166 / 1500 epochTrain loss: 0.481099, acc: 0.782 Val loss: 0.654547, acc: 0.723--- 0.5101 seconds ---
167 / 1500 epochTrain loss: 0.482045, acc: 0.782 Val loss: 0.659034, acc: 0.722--- 0.5117 seconds ---
168 / 1500 epochTrain loss: 0.481371, acc: 0.784 Val loss: 0.657060, acc: 0.720--- 0.5089 seconds ---
169 / 1500 epochTrain loss: 0.481523, acc: 0.782 Val loss: 0.653581, acc: 0.721--- 0.5113 seconds ---
170 / 1500 epochTrain loss: 0.481780, acc: 0.783 Val loss: 0.652996, acc: 0.721--- 0.5085 seconds ---
171 / 1500 epochTrain loss: 0.482304, acc: 0.783 Val loss: 0.654199, acc: 0.720--- 0.5083 seconds ---
172 / 1500 epochTrain loss: 0.481237, acc: 0.783 Val loss: 0.659678, acc: 0.719--- 0.5114 seconds ---
173 / 1500 epochTrain loss: 0.481691, acc: 0.784 Val loss: 0.659764, acc: 0.720--- 0.5112 seconds ---
174 / 1500 epochTrain loss: 0.481884, acc: 0.784 Val loss: 0.660091, acc: 0.719--- 0.5125 seconds ---
175 / 1500 epochTrain loss: 0.481807, acc: 0.783 Val loss: 0.658420, acc: 0.720--- 0.5077 seconds ---
176 / 1500 epochTrain loss: 0.481092, acc: 0.785 Val loss: 0.656078, acc: 0.717--- 0.5285 seconds ---
177 / 1500 epochTrain loss: 0.481122, acc: 0.784 Val loss: 0.653677, acc: 0.719--- 0.5099 seconds ---
178 / 1500 epochTrain loss: 0.482325, acc: 0.783 Val loss: 0.653827, acc: 0.718--- 0.5110 seconds ---
179 / 1500 epochTrain loss: 0.481487, acc: 0.785 Val loss: 0.653907, acc: 0.718--- 0.5119 seconds ---
180 / 1500 epochTrain loss: 0.479978, acc: 0.783 Val loss: 0.658132, acc: 0.718--- 0.5117 seconds ---
181 / 1500 epochTrain loss: 0.481793, acc: 0.785 Val loss: 0.660754, acc: 0.722--- 0.5119 seconds ---
182 / 1500 epochTrain loss: 0.480646, acc: 0.783 Val loss: 0.660652, acc: 0.723--- 0.5067 seconds ---
183 / 1500 epochTrain loss: 0.480625, acc: 0.784 Val loss: 0.657176, acc: 0.722--- 0.5094 seconds ---
184 / 1500 epochTrain loss: 0.481338, acc: 0.784 Val loss: 0.654863, acc: 0.720--- 0.5083 seconds ---
185 / 1500 epochTrain loss: 0.480460, acc: 0.784 Val loss: 0.656232, acc: 0.720--- 0.5078 seconds ---
186 / 1500 epochTrain loss: 0.480619, acc: 0.784 Val loss: 0.657661, acc: 0.719--- 0.5059 seconds ---
187 / 1500 epochTrain loss: 0.481305, acc: 0.784 Val loss: 0.656748, acc: 0.721--- 0.5080 seconds ---
188 / 1500 epochTrain loss: 0.479785, acc: 0.784 Val loss: 0.656505, acc: 0.722--- 0.5076 seconds ---
189 / 1500 epochTrain loss: 0.479930, acc: 0.783 Val loss: 0.656339, acc: 0.721--- 0.5097 seconds ---
190 / 1500 epochTrain loss: 0.481197, acc: 0.783 Val loss: 0.658517, acc: 0.720--- 0.5096 seconds ---
191 / 1500 epochTrain loss: 0.482133, acc: 0.784 Val loss: 0.659076, acc: 0.719--- 0.5100 seconds ---
192 / 1500 epochTrain loss: 0.479162, acc: 0.784 Val loss: 0.659274, acc: 0.722--- 0.5077 seconds ---
193 / 1500 epochTrain loss: 0.481171, acc: 0.784 Val loss: 0.660625, acc: 0.719--- 0.5129 seconds ---
194 / 1500 epochTrain loss: 0.479038, acc: 0.785 Val loss: 0.660712, acc: 0.716--- 0.5101 seconds ---
195 / 1500 epochTrain loss: 0.479846, acc: 0.782 Val loss: 0.663434, acc: 0.718--- 0.5083 seconds ---
196 / 1500 epochTrain loss: 0.480553, acc: 0.781 Val loss: 0.664653, acc: 0.721--- 0.5128 seconds ---
197 / 1500 epochTrain loss: 0.479257, acc: 0.784 Val loss: 0.661661, acc: 0.720--- 0.5132 seconds ---
198 / 1500 epochTrain loss: 0.480062, acc: 0.785 Val loss: 0.660158, acc: 0.720--- 0.5073 seconds ---
199 / 1500 epochTrain loss: 0.479335, acc: 0.785 Val loss: 0.659172, acc: 0.724--- 0.5083 seconds ---
200 / 1500 epochTrain loss: 0.480478, acc: 0.784 Val loss: 0.659705, acc: 0.722--- 0.5109 seconds ---
201 / 1500 epochTrain loss: 0.478827, acc: 0.784 Val loss: 0.661602, acc: 0.721--- 0.5111 seconds ---
202 / 1500 epochTrain loss: 0.479535, acc: 0.784 Val loss: 0.661567, acc: 0.724--- 0.5082 seconds ---
203 / 1500 epochTrain loss: 0.478894, acc: 0.785 Val loss: 0.659562, acc: 0.720--- 0.5102 seconds ---
204 / 1500 epochTrain loss: 0.481092, acc: 0.784 Val loss: 0.657182, acc: 0.720--- 0.5061 seconds ---
205 / 1500 epochTrain loss: 0.481087, acc: 0.785 Val loss: 0.657524, acc: 0.719--- 0.5101 seconds ---
206 / 1500 epochTrain loss: 0.480476, acc: 0.783 Val loss: 0.659069, acc: 0.720--- 0.5104 seconds ---
207 / 1500 epochTrain loss: 0.479074, acc: 0.784 Val loss: 0.661795, acc: 0.718--- 0.5107 seconds ---
208 / 1500 epochTrain loss: 0.479724, acc: 0.785 Val loss: 0.662886, acc: 0.719--- 0.5066 seconds ---
209 / 1500 epochTrain loss: 0.479922, acc: 0.786 Val loss: 0.662797, acc: 0.722--- 0.5100 seconds ---
210 / 1500 epochTrain loss: 0.479278, acc: 0.787 Val loss: 0.659902, acc: 0.721--- 0.5078 seconds ---
211 / 1500 epochTrain loss: 0.479703, acc: 0.784 Val loss: 0.656066, acc: 0.718--- 0.5095 seconds ---
212 / 1500 epochTrain loss: 0.478247, acc: 0.785 Val loss: 0.658094, acc: 0.720--- 0.5077 seconds ---
213 / 1500 epochTrain loss: 0.480273, acc: 0.784 Val loss: 0.658161, acc: 0.720--- 0.5094 seconds ---
214 / 1500 epochTrain loss: 0.479944, acc: 0.783 Val loss: 0.658804, acc: 0.721--- 0.5092 seconds ---
215 / 1500 epochTrain loss: 0.480188, acc: 0.785 Val loss: 0.658323, acc: 0.718--- 0.5098 seconds ---
216 / 1500 epochTrain loss: 0.479237, acc: 0.785 Val loss: 0.657356, acc: 0.719--- 0.5104 seconds ---
217 / 1500 epochTrain loss: 0.480007, acc: 0.783 Val loss: 0.654347, acc: 0.720--- 0.5142 seconds ---
218 / 1500 epochTrain loss: 0.478092, acc: 0.783 Val loss: 0.654404, acc: 0.718--- 0.5124 seconds ---
219 / 1500 epochTrain loss: 0.478979, acc: 0.782 Val loss: 0.655088, acc: 0.718--- 0.5064 seconds ---
220 / 1500 epochTrain loss: 0.479614, acc: 0.782 Val loss: 0.654680, acc: 0.717--- 0.5071 seconds ---
221 / 1500 epochTrain loss: 0.479427, acc: 0.782 Val loss: 0.655126, acc: 0.721--- 0.5090 seconds ---
222 / 1500 epochTrain loss: 0.480357, acc: 0.783 Val loss: 0.658181, acc: 0.722--- 0.5112 seconds ---
223 / 1500 epochTrain loss: 0.478114, acc: 0.784 Val loss: 0.658175, acc: 0.727--- 0.5076 seconds ---
224 / 1500 epochTrain loss: 0.478282, acc: 0.785 Val loss: 0.658814, acc: 0.727--- 0.5122 seconds ---
225 / 1500 epochTrain loss: 0.477805, acc: 0.788 Val loss: 0.659784, acc: 0.724--- 0.5076 seconds ---
226 / 1500 epochTrain loss: 0.477721, acc: 0.788 Val loss: 0.660086, acc: 0.723--- 0.5070 seconds ---
227 / 1500 epochTrain loss: 0.480186, acc: 0.787 Val loss: 0.659759, acc: 0.723--- 0.5042 seconds ---
228 / 1500 epochTrain loss: 0.478120, acc: 0.787 Val loss: 0.658223, acc: 0.727--- 0.5078 seconds ---
229 / 1500 epochTrain loss: 0.478287, acc: 0.788 Val loss: 0.657935, acc: 0.726--- 0.5078 seconds ---
230 / 1500 epochTrain loss: 0.477887, acc: 0.788 Val loss: 0.657906, acc: 0.720--- 0.5088 seconds ---
231 / 1500 epochTrain loss: 0.478224, acc: 0.786 Val loss: 0.659552, acc: 0.722--- 0.5099 seconds ---
232 / 1500 epochTrain loss: 0.477500, acc: 0.787 Val loss: 0.658412, acc: 0.720--- 0.5048 seconds ---
233 / 1500 epochTrain loss: 0.478569, acc: 0.786 Val loss: 0.657113, acc: 0.722--- 0.5082 seconds ---
234 / 1500 epochTrain loss: 0.478441, acc: 0.786 Val loss: 0.661995, acc: 0.718--- 0.5093 seconds ---
235 / 1500 epochTrain loss: 0.477268, acc: 0.786 Val loss: 0.663418, acc: 0.721--- 0.5091 seconds ---
236 / 1500 epochTrain loss: 0.477383, acc: 0.786 Val loss: 0.662631, acc: 0.720--- 0.5085 seconds ---
237 / 1500 epochTrain loss: 0.477861, acc: 0.786 Val loss: 0.659915, acc: 0.720--- 0.5150 seconds ---
238 / 1500 epochTrain loss: 0.478623, acc: 0.786 Val loss: 0.659204, acc: 0.723--- 0.5114 seconds ---
239 / 1500 epochTrain loss: 0.479158, acc: 0.789 Val loss: 0.660533, acc: 0.725--- 0.5088 seconds ---
240 / 1500 epochTrain loss: 0.478461, acc: 0.789 Val loss: 0.660230, acc: 0.724--- 0.5095 seconds ---
241 / 1500 epochTrain loss: 0.478994, acc: 0.789 Val loss: 0.659616, acc: 0.718--- 0.5081 seconds ---
242 / 1500 epochTrain loss: 0.477070, acc: 0.790 Val loss: 0.659559, acc: 0.716--- 0.5074 seconds ---
243 / 1500 epochTrain loss: 0.477763, acc: 0.789 Val loss: 0.662246, acc: 0.716--- 0.5075 seconds ---
244 / 1500 epochTrain loss: 0.479092, acc: 0.788 Val loss: 0.665356, acc: 0.718--- 0.5088 seconds ---
245 / 1500 epochTrain loss: 0.478490, acc: 0.789 Val loss: 0.666268, acc: 0.716--- 0.5084 seconds ---
246 / 1500 epochTrain loss: 0.476802, acc: 0.786 Val loss: 0.662929, acc: 0.719--- 0.5104 seconds ---
247 / 1500 epochTrain loss: 0.477427, acc: 0.787 Val loss: 0.661248, acc: 0.720--- 0.5079 seconds ---
248 / 1500 epochTrain loss: 0.477262, acc: 0.787 Val loss: 0.661302, acc: 0.720--- 0.5108 seconds ---
249 / 1500 epochTrain loss: 0.478909, acc: 0.787 Val loss: 0.660480, acc: 0.719--- 0.5105 seconds ---
250 / 1500 epochTrain loss: 0.478117, acc: 0.786 Val loss: 0.659923, acc: 0.723--- 0.5096 seconds ---
251 / 1500 epochTrain loss: 0.476986, acc: 0.789 Val loss: 0.660552, acc: 0.726--- 0.5054 seconds ---
252 / 1500 epochTrain loss: 0.478618, acc: 0.789 Val loss: 0.659779, acc: 0.726--- 0.5102 seconds ---
253 / 1500 epochTrain loss: 0.476677, acc: 0.790 Val loss: 0.658649, acc: 0.727--- 0.5089 seconds ---
254 / 1500 epochTrain loss: 0.477731, acc: 0.790 Val loss: 0.660463, acc: 0.727--- 0.5111 seconds ---
255 / 1500 epochTrain loss: 0.476153, acc: 0.790 Val loss: 0.660307, acc: 0.729--- 0.5064 seconds ---
256 / 1500 epochTrain loss: 0.477654, acc: 0.789 Val loss: 0.659796, acc: 0.728--- 0.5078 seconds ---
257 / 1500 epochTrain loss: 0.476902, acc: 0.788 Val loss: 0.659621, acc: 0.727--- 0.5090 seconds ---
258 / 1500 epochTrain loss: 0.477145, acc: 0.789 Val loss: 0.661376, acc: 0.726--- 0.5281 seconds ---
259 / 1500 epochTrain loss: 0.476248, acc: 0.789 Val loss: 0.663335, acc: 0.726--- 0.5090 seconds ---
260 / 1500 epochTrain loss: 0.475867, acc: 0.786 Val loss: 0.664529, acc: 0.726--- 0.5089 seconds ---
261 / 1500 epochTrain loss: 0.477116, acc: 0.787 Val loss: 0.662709, acc: 0.725--- 0.5080 seconds ---
262 / 1500 epochTrain loss: 0.477717, acc: 0.788 Val loss: 0.662170, acc: 0.728--- 0.5093 seconds ---
263 / 1500 epochTrain loss: 0.475907, acc: 0.788 Val loss: 0.659330, acc: 0.733--- 0.5059 seconds ---
264 / 1500 epochTrain loss: 0.476957, acc: 0.788 Val loss: 0.661340, acc: 0.732--- 0.5082 seconds ---
265 / 1500 epochTrain loss: 0.476458, acc: 0.792 Val loss: 0.667728, acc: 0.731--- 0.5076 seconds ---
266 / 1500 epochTrain loss: 0.476573, acc: 0.790 Val loss: 0.665623, acc: 0.731--- 0.5077 seconds ---
267 / 1500 epochTrain loss: 0.475330, acc: 0.792 Val loss: 0.662808, acc: 0.730--- 0.5122 seconds ---
268 / 1500 epochTrain loss: 0.476965, acc: 0.789 Val loss: 0.661865, acc: 0.730--- 0.5093 seconds ---
269 / 1500 epochTrain loss: 0.476306, acc: 0.790 Val loss: 0.664349, acc: 0.729--- 0.5085 seconds ---
270 / 1500 epochTrain loss: 0.476818, acc: 0.792 Val loss: 0.665164, acc: 0.727--- 0.5135 seconds ---
271 / 1500 epochTrain loss: 0.476308, acc: 0.791 Val loss: 0.664429, acc: 0.730--- 0.5094 seconds ---
272 / 1500 epochTrain loss: 0.477527, acc: 0.791 Val loss: 0.662584, acc: 0.730--- 0.5038 seconds ---
273 / 1500 epochTrain loss: 0.476525, acc: 0.791 Val loss: 0.663803, acc: 0.727--- 0.5092 seconds ---
274 / 1500 epochTrain loss: 0.477596, acc: 0.790 Val loss: 0.666615, acc: 0.727--- 0.5064 seconds ---
275 / 1500 epochTrain loss: 0.476625, acc: 0.791 Val loss: 0.667265, acc: 0.728--- 0.5113 seconds ---
276 / 1500 epochTrain loss: 0.476717, acc: 0.791 Val loss: 0.665525, acc: 0.732--- 0.5077 seconds ---
277 / 1500 epochTrain loss: 0.476612, acc: 0.789 Val loss: 0.660327, acc: 0.731--- 0.5055 seconds ---
278 / 1500 epochTrain loss: 0.476491, acc: 0.791 Val loss: 0.662042, acc: 0.730--- 0.5228 seconds ---
279 / 1500 epochTrain loss: 0.476705, acc: 0.791 Val loss: 0.667543, acc: 0.727--- 0.5080 seconds ---
280 / 1500 epochTrain loss: 0.476323, acc: 0.792 Val loss: 0.669815, acc: 0.727--- 0.5070 seconds ---
281 / 1500 epochTrain loss: 0.476430, acc: 0.790 Val loss: 0.668136, acc: 0.726--- 0.5073 seconds ---
282 / 1500 epochTrain loss: 0.476436, acc: 0.790 Val loss: 0.662693, acc: 0.725--- 0.5089 seconds ---
283 / 1500 epochTrain loss: 0.475483, acc: 0.793 Val loss: 0.663087, acc: 0.727--- 0.5108 seconds ---
284 / 1500 epochTrain loss: 0.476082, acc: 0.790 Val loss: 0.668441, acc: 0.726--- 0.5080 seconds ---
285 / 1500 epochTrain loss: 0.475832, acc: 0.789 Val loss: 0.670437, acc: 0.726--- 0.5076 seconds ---
286 / 1500 epochTrain loss: 0.476072, acc: 0.791 Val loss: 0.665156, acc: 0.725--- 0.5076 seconds ---
287 / 1500 epochTrain loss: 0.474986, acc: 0.790 Val loss: 0.663343, acc: 0.727--- 0.5073 seconds ---
288 / 1500 epochTrain loss: 0.476134, acc: 0.789 Val loss: 0.667303, acc: 0.727--- 0.5073 seconds ---
289 / 1500 epochTrain loss: 0.476530, acc: 0.789 Val loss: 0.668947, acc: 0.727--- 0.5115 seconds ---
290 / 1500 epochTrain loss: 0.475339, acc: 0.789 Val loss: 0.671840, acc: 0.727--- 0.5064 seconds ---
291 / 1500 epochTrain loss: 0.477011, acc: 0.787 Val loss: 0.671614, acc: 0.725--- 0.5094 seconds ---
292 / 1500 epochTrain loss: 0.474973, acc: 0.790 Val loss: 0.668692, acc: 0.726--- 0.5059 seconds ---
293 / 1500 epochTrain loss: 0.475337, acc: 0.790 Val loss: 0.671521, acc: 0.727--- 0.5088 seconds ---
294 / 1500 epochTrain loss: 0.476661, acc: 0.789 Val loss: 0.672269, acc: 0.728--- 0.5052 seconds ---
295 / 1500 epochTrain loss: 0.477694, acc: 0.788 Val loss: 0.671925, acc: 0.726--- 0.5078 seconds ---
296 / 1500 epochTrain loss: 0.477112, acc: 0.790 Val loss: 0.669097, acc: 0.727--- 0.5090 seconds ---
297 / 1500 epochTrain loss: 0.476827, acc: 0.790 Val loss: 0.669855, acc: 0.727--- 0.5109 seconds ---
298 / 1500 epochTrain loss: 0.475904, acc: 0.791 Val loss: 0.671253, acc: 0.727--- 0.5086 seconds ---
299 / 1500 epochTrain loss: 0.474845, acc: 0.791 Val loss: 0.671003, acc: 0.727--- 0.5124 seconds ---
300 / 1500 epochTrain loss: 0.475571, acc: 0.791 Val loss: 0.669524, acc: 0.727--- 0.5070 seconds ---
301 / 1500 epochTrain loss: 0.476148, acc: 0.791 Val loss: 0.667396, acc: 0.727--- 0.5104 seconds ---
302 / 1500 epochTrain loss: 0.475916, acc: 0.792 Val loss: 0.666964, acc: 0.726--- 0.5100 seconds ---
303 / 1500 epochTrain loss: 0.474986, acc: 0.793 Val loss: 0.670286, acc: 0.728--- 0.5105 seconds ---
304 / 1500 epochTrain loss: 0.474670, acc: 0.791 Val loss: 0.673769, acc: 0.726--- 0.5074 seconds ---
305 / 1500 epochTrain loss: 0.474294, acc: 0.792 Val loss: 0.670904, acc: 0.726--- 0.5095 seconds ---
306 / 1500 epochTrain loss: 0.475823, acc: 0.792 Val loss: 0.666633, acc: 0.726--- 0.5064 seconds ---
307 / 1500 epochTrain loss: 0.476202, acc: 0.793 Val loss: 0.668409, acc: 0.726--- 0.5104 seconds ---
308 / 1500 epochTrain loss: 0.476384, acc: 0.792 Val loss: 0.675476, acc: 0.728--- 0.5096 seconds ---
309 / 1500 epochTrain loss: 0.476267, acc: 0.793 Val loss: 0.675597, acc: 0.730--- 0.5105 seconds ---
310 / 1500 epochTrain loss: 0.474979, acc: 0.792 Val loss: 0.669784, acc: 0.728--- 0.5088 seconds ---
311 / 1500 epochTrain loss: 0.475399, acc: 0.792 Val loss: 0.666866, acc: 0.728--- 0.5122 seconds ---
312 / 1500 epochTrain loss: 0.474941, acc: 0.791 Val loss: 0.667665, acc: 0.729--- 0.5065 seconds ---
313 / 1500 epochTrain loss: 0.474160, acc: 0.790 Val loss: 0.668602, acc: 0.728--- 0.5070 seconds ---
314 / 1500 epochTrain loss: 0.476076, acc: 0.789 Val loss: 0.670087, acc: 0.726--- 0.5072 seconds ---
315 / 1500 epochTrain loss: 0.474763, acc: 0.792 Val loss: 0.674663, acc: 0.723--- 0.5135 seconds ---
316 / 1500 epochTrain loss: 0.475896, acc: 0.793 Val loss: 0.675694, acc: 0.723--- 0.5085 seconds ---
317 / 1500 epochTrain loss: 0.474837, acc: 0.796 Val loss: 0.672400, acc: 0.721--- 0.5096 seconds ---
318 / 1500 epochTrain loss: 0.475267, acc: 0.794 Val loss: 0.668957, acc: 0.723--- 0.5048 seconds ---
319 / 1500 epochTrain loss: 0.475571, acc: 0.794 Val loss: 0.667920, acc: 0.727--- 0.5171 seconds ---
320 / 1500 epochTrain loss: 0.473872, acc: 0.794 Val loss: 0.668376, acc: 0.726--- 0.5077 seconds ---
321 / 1500 epochTrain loss: 0.473937, acc: 0.792 Val loss: 0.665356, acc: 0.727--- 0.5106 seconds ---
322 / 1500 epochTrain loss: 0.474732, acc: 0.791 Val loss: 0.663122, acc: 0.726--- 0.5071 seconds ---
323 / 1500 epochTrain loss: 0.476747, acc: 0.792 Val loss: 0.661499, acc: 0.726--- 0.5071 seconds ---
324 / 1500 epochTrain loss: 0.475414, acc: 0.792 Val loss: 0.667170, acc: 0.727--- 0.5081 seconds ---
325 / 1500 epochTrain loss: 0.474276, acc: 0.795 Val loss: 0.671448, acc: 0.727--- 0.5114 seconds ---
326 / 1500 epochTrain loss: 0.475121, acc: 0.792 Val loss: 0.672467, acc: 0.726--- 0.5095 seconds ---
327 / 1500 epochTrain loss: 0.474409, acc: 0.794 Val loss: 0.667644, acc: 0.724--- 0.5075 seconds ---
328 / 1500 epochTrain loss: 0.476639, acc: 0.796 Val loss: 0.661862, acc: 0.727--- 0.5073 seconds ---
329 / 1500 epochTrain loss: 0.474562, acc: 0.794 Val loss: 0.667002, acc: 0.728--- 0.5083 seconds ---
330 / 1500 epochTrain loss: 0.475388, acc: 0.793 Val loss: 0.669629, acc: 0.727--- 0.5116 seconds ---
331 / 1500 epochTrain loss: 0.473716, acc: 0.793 Val loss: 0.666608, acc: 0.724--- 0.5088 seconds ---
332 / 1500 epochTrain loss: 0.474952, acc: 0.793 Val loss: 0.664593, acc: 0.728--- 0.5111 seconds ---
333 / 1500 epochTrain loss: 0.474498, acc: 0.793 Val loss: 0.668072, acc: 0.724--- 0.5061 seconds ---
334 / 1500 epochTrain loss: 0.475340, acc: 0.794 Val loss: 0.669324, acc: 0.722--- 0.5071 seconds ---
335 / 1500 epochTrain loss: 0.474807, acc: 0.794 Val loss: 0.670167, acc: 0.720--- 0.5075 seconds ---
336 / 1500 epochTrain loss: 0.474959, acc: 0.793 Val loss: 0.669786, acc: 0.723--- 0.5112 seconds ---
337 / 1500 epochTrain loss: 0.474509, acc: 0.794 Val loss: 0.671344, acc: 0.723--- 0.5076 seconds ---
338 / 1500 epochTrain loss: 0.475338, acc: 0.791 Val loss: 0.665373, acc: 0.723--- 0.5077 seconds ---
339 / 1500 epochTrain loss: 0.475478, acc: 0.793 Val loss: 0.662598, acc: 0.724--- 0.5071 seconds ---
340 / 1500 epochTrain loss: 0.475090, acc: 0.791 Val loss: 0.665928, acc: 0.724--- 0.5271 seconds ---
341 / 1500 epochTrain loss: 0.473949, acc: 0.793 Val loss: 0.672176, acc: 0.722--- 0.5102 seconds ---
342 / 1500 epochTrain loss: 0.474149, acc: 0.793 Val loss: 0.670585, acc: 0.722--- 0.5065 seconds ---
343 / 1500 epochTrain loss: 0.474520, acc: 0.793 Val loss: 0.666069, acc: 0.725--- 0.5077 seconds ---
344 / 1500 epochTrain loss: 0.474147, acc: 0.794 Val loss: 0.666622, acc: 0.720--- 0.5095 seconds ---
345 / 1500 epochTrain loss: 0.473702, acc: 0.795 Val loss: 0.670144, acc: 0.723--- 0.5083 seconds ---
346 / 1500 epochTrain loss: 0.475668, acc: 0.792 Val loss: 0.665892, acc: 0.724--- 0.5102 seconds ---
347 / 1500 epochTrain loss: 0.474650, acc: 0.794 Val loss: 0.661515, acc: 0.725--- 0.5064 seconds ---
348 / 1500 epochTrain loss: 0.474553, acc: 0.794 Val loss: 0.660854, acc: 0.727--- 0.5111 seconds ---
349 / 1500 epochTrain loss: 0.474215, acc: 0.793 Val loss: 0.660921, acc: 0.726--- 0.5055 seconds ---
350 / 1500 epochTrain loss: 0.474344, acc: 0.794 Val loss: 0.659667, acc: 0.724--- 0.5087 seconds ---
351 / 1500 epochTrain loss: 0.473721, acc: 0.796 Val loss: 0.661427, acc: 0.728--- 0.5119 seconds ---
352 / 1500 epochTrain loss: 0.475891, acc: 0.797 Val loss: 0.661561, acc: 0.730--- 0.5051 seconds ---
353 / 1500 epochTrain loss: 0.475044, acc: 0.796 Val loss: 0.663454, acc: 0.727--- 0.5068 seconds ---
354 / 1500 epochTrain loss: 0.474112, acc: 0.796 Val loss: 0.669706, acc: 0.727--- 0.5101 seconds ---
355 / 1500 epochTrain loss: 0.473365, acc: 0.795 Val loss: 0.667029, acc: 0.725--- 0.5097 seconds ---
356 / 1500 epochTrain loss: 0.475659, acc: 0.795 Val loss: 0.661393, acc: 0.727--- 0.5052 seconds ---
357 / 1500 epochTrain loss: 0.475794, acc: 0.795 Val loss: 0.661718, acc: 0.727--- 0.5101 seconds ---
358 / 1500 epochTrain loss: 0.474081, acc: 0.794 Val loss: 0.670699, acc: 0.727--- 0.5074 seconds ---
359 / 1500 epochTrain loss: 0.475476, acc: 0.794 Val loss: 0.664651, acc: 0.730--- 0.5097 seconds ---
360 / 1500 epochTrain loss: 0.474720, acc: 0.794 Val loss: 0.661518, acc: 0.732--- 0.5192 seconds ---
361 / 1500 epochTrain loss: 0.474121, acc: 0.794 Val loss: 0.664972, acc: 0.728--- 0.5074 seconds ---
362 / 1500 epochTrain loss: 0.473838, acc: 0.796 Val loss: 0.670860, acc: 0.729--- 0.5089 seconds ---
363 / 1500 epochTrain loss: 0.474278, acc: 0.794 Val loss: 0.665125, acc: 0.729--- 0.5080 seconds ---
364 / 1500 epochTrain loss: 0.473597, acc: 0.793 Val loss: 0.661422, acc: 0.730--- 0.5078 seconds ---
365 / 1500 epochTrain loss: 0.474973, acc: 0.792 Val loss: 0.662486, acc: 0.733--- 0.5062 seconds ---
366 / 1500 epochTrain loss: 0.475283, acc: 0.793 Val loss: 0.665687, acc: 0.733--- 0.5099 seconds ---
367 / 1500 epochTrain loss: 0.473638, acc: 0.794 Val loss: 0.665906, acc: 0.731--- 0.5089 seconds ---
368 / 1500 epochTrain loss: 0.472837, acc: 0.794 Val loss: 0.665441, acc: 0.728--- 0.5109 seconds ---
369 / 1500 epochTrain loss: 0.473028, acc: 0.794 Val loss: 0.667581, acc: 0.729--- 0.5080 seconds ---
370 / 1500 epochTrain loss: 0.474229, acc: 0.793 Val loss: 0.666548, acc: 0.728--- 0.5057 seconds ---
371 / 1500 epochTrain loss: 0.474413, acc: 0.793 Val loss: 0.667387, acc: 0.727--- 0.5084 seconds ---
372 / 1500 epochTrain loss: 0.473866, acc: 0.795 Val loss: 0.669948, acc: 0.724--- 0.5080 seconds ---
373 / 1500 epochTrain loss: 0.472941, acc: 0.793 Val loss: 0.668182, acc: 0.726--- 0.5059 seconds ---
374 / 1500 epochTrain loss: 0.474886, acc: 0.794 Val loss: 0.663217, acc: 0.730--- 0.5083 seconds ---
375 / 1500 epochTrain loss: 0.473076, acc: 0.794 Val loss: 0.666330, acc: 0.728--- 0.5074 seconds ---
376 / 1500 epochTrain loss: 0.473752, acc: 0.794 Val loss: 0.669589, acc: 0.731--- 0.5102 seconds ---
377 / 1500 epochTrain loss: 0.474028, acc: 0.794 Val loss: 0.670037, acc: 0.732--- 0.5092 seconds ---
378 / 1500 epochTrain loss: 0.474557, acc: 0.794 Val loss: 0.665862, acc: 0.731--- 0.5078 seconds ---
379 / 1500 epochTrain loss: 0.473106, acc: 0.795 Val loss: 0.664663, acc: 0.728--- 0.5072 seconds ---
380 / 1500 epochTrain loss: 0.473992, acc: 0.794 Val loss: 0.662773, acc: 0.730--- 0.5107 seconds ---
381 / 1500 epochTrain loss: 0.474302, acc: 0.794 Val loss: 0.665553, acc: 0.730--- 0.5132 seconds ---
382 / 1500 epochTrain loss: 0.472662, acc: 0.792 Val loss: 0.669975, acc: 0.730--- 0.5120 seconds ---
383 / 1500 epochTrain loss: 0.473422, acc: 0.796 Val loss: 0.670926, acc: 0.730--- 0.5109 seconds ---
384 / 1500 epochTrain loss: 0.472347, acc: 0.796 Val loss: 0.674492, acc: 0.729--- 0.5079 seconds ---
385 / 1500 epochTrain loss: 0.474260, acc: 0.794 Val loss: 0.677973, acc: 0.730--- 0.5080 seconds ---
386 / 1500 epochTrain loss: 0.472518, acc: 0.796 Val loss: 0.676960, acc: 0.727--- 0.5111 seconds ---
387 / 1500 epochTrain loss: 0.475367, acc: 0.794 Val loss: 0.672190, acc: 0.728--- 0.5084 seconds ---
388 / 1500 epochTrain loss: 0.473809, acc: 0.796 Val loss: 0.670595, acc: 0.729--- 0.5125 seconds ---
389 / 1500 epochTrain loss: 0.474007, acc: 0.794 Val loss: 0.668456, acc: 0.726--- 0.5065 seconds ---
390 / 1500 epochTrain loss: 0.474525, acc: 0.794 Val loss: 0.664930, acc: 0.730--- 0.5079 seconds ---
391 / 1500 epochTrain loss: 0.474057, acc: 0.793 Val loss: 0.671416, acc: 0.726--- 0.5089 seconds ---
392 / 1500 epochTrain loss: 0.473946, acc: 0.792 Val loss: 0.676291, acc: 0.727--- 0.5104 seconds ---
393 / 1500 epochTrain loss: 0.474355, acc: 0.792 Val loss: 0.669616, acc: 0.731--- 0.5109 seconds ---
394 / 1500 epochTrain loss: 0.473720, acc: 0.793 Val loss: 0.667915, acc: 0.730--- 0.5100 seconds ---
395 / 1500 epochTrain loss: 0.474808, acc: 0.795 Val loss: 0.671541, acc: 0.731--- 0.5081 seconds ---
396 / 1500 epochTrain loss: 0.474141, acc: 0.793 Val loss: 0.670939, acc: 0.736--- 0.5106 seconds ---
397 / 1500 epochTrain loss: 0.472326, acc: 0.793 Val loss: 0.669824, acc: 0.730--- 0.5087 seconds ---
398 / 1500 epochTrain loss: 0.473500, acc: 0.795 Val loss: 0.667896, acc: 0.733--- 0.5075 seconds ---
399 / 1500 epochTrain loss: 0.473240, acc: 0.795 Val loss: 0.669023, acc: 0.731--- 0.5090 seconds ---
400 / 1500 epochTrain loss: 0.474927, acc: 0.795 Val loss: 0.668760, acc: 0.734--- 0.5116 seconds ---
401 / 1500 epochTrain loss: 0.473760, acc: 0.796 Val loss: 0.669950, acc: 0.734--- 0.5153 seconds ---
402 / 1500 epochTrain loss: 0.474464, acc: 0.795 Val loss: 0.669650, acc: 0.735--- 0.5083 seconds ---
403 / 1500 epochTrain loss: 0.474452, acc: 0.795 Val loss: 0.668935, acc: 0.734--- 0.5074 seconds ---
404 / 1500 epochTrain loss: 0.474105, acc: 0.795 Val loss: 0.669411, acc: 0.735--- 0.5096 seconds ---
405 / 1500 epochTrain loss: 0.474346, acc: 0.795 Val loss: 0.665328, acc: 0.729--- 0.5061 seconds ---
406 / 1500 epochTrain loss: 0.472797, acc: 0.794 Val loss: 0.668617, acc: 0.733--- 0.5089 seconds ---
407 / 1500 epochTrain loss: 0.472832, acc: 0.794 Val loss: 0.673435, acc: 0.731--- 0.5097 seconds ---
408 / 1500 epochTrain loss: 0.473373, acc: 0.794 Val loss: 0.668974, acc: 0.730--- 0.5112 seconds ---
409 / 1500 epochTrain loss: 0.474034, acc: 0.795 Val loss: 0.670132, acc: 0.730--- 0.5072 seconds ---
410 / 1500 epochTrain loss: 0.472544, acc: 0.796 Val loss: 0.674838, acc: 0.732--- 0.5091 seconds ---
411 / 1500 epochTrain loss: 0.472222, acc: 0.795 Val loss: 0.675174, acc: 0.731--- 0.5059 seconds ---
412 / 1500 epochTrain loss: 0.472262, acc: 0.795 Val loss: 0.673998, acc: 0.728--- 0.5102 seconds ---
413 / 1500 epochTrain loss: 0.474231, acc: 0.796 Val loss: 0.668890, acc: 0.731--- 0.5079 seconds ---
414 / 1500 epochTrain loss: 0.472648, acc: 0.796 Val loss: 0.670544, acc: 0.731--- 0.5091 seconds ---
415 / 1500 epochTrain loss: 0.473136, acc: 0.796 Val loss: 0.672036, acc: 0.728--- 0.5087 seconds ---
416 / 1500 epochTrain loss: 0.473210, acc: 0.794 Val loss: 0.667264, acc: 0.730--- 0.5098 seconds ---
417 / 1500 epochTrain loss: 0.474550, acc: 0.796 Val loss: 0.661095, acc: 0.728--- 0.5072 seconds ---
418 / 1500 epochTrain loss: 0.473894, acc: 0.794 Val loss: 0.670033, acc: 0.729--- 0.5052 seconds ---
419 / 1500 epochTrain loss: 0.473048, acc: 0.795 Val loss: 0.675086, acc: 0.730--- 0.5073 seconds ---
420 / 1500 epochTrain loss: 0.473899, acc: 0.794 Val loss: 0.673562, acc: 0.732--- 0.5105 seconds ---
421 / 1500 epochTrain loss: 0.474666, acc: 0.795 Val loss: 0.670773, acc: 0.733--- 0.5234 seconds ---
422 / 1500 epochTrain loss: 0.472233, acc: 0.798 Val loss: 0.678424, acc: 0.729--- 0.5184 seconds ---
423 / 1500 epochTrain loss: 0.474747, acc: 0.796 Val loss: 0.671258, acc: 0.732--- 0.5099 seconds ---
424 / 1500 epochTrain loss: 0.472818, acc: 0.799 Val loss: 0.666249, acc: 0.732--- 0.5051 seconds ---
425 / 1500 epochTrain loss: 0.474488, acc: 0.797 Val loss: 0.665471, acc: 0.729--- 0.5081 seconds ---
426 / 1500 epochTrain loss: 0.473061, acc: 0.795 Val loss: 0.670599, acc: 0.729--- 0.5067 seconds ---
427 / 1500 epochTrain loss: 0.474211, acc: 0.795 Val loss: 0.669519, acc: 0.728--- 0.5089 seconds ---
428 / 1500 epochTrain loss: 0.474214, acc: 0.794 Val loss: 0.665226, acc: 0.729--- 0.5082 seconds ---
429 / 1500 epochTrain loss: 0.474334, acc: 0.793 Val loss: 0.666290, acc: 0.731--- 0.5070 seconds ---
430 / 1500 epochTrain loss: 0.474511, acc: 0.793 Val loss: 0.671330, acc: 0.730--- 0.5084 seconds ---
431 / 1500 epochTrain loss: 0.474005, acc: 0.794 Val loss: 0.669636, acc: 0.730--- 0.5102 seconds ---
432 / 1500 epochTrain loss: 0.473355, acc: 0.794 Val loss: 0.665605, acc: 0.732--- 0.5096 seconds ---
433 / 1500 epochTrain loss: 0.473950, acc: 0.795 Val loss: 0.667032, acc: 0.731--- 0.5097 seconds ---
434 / 1500 epochTrain loss: 0.474170, acc: 0.795 Val loss: 0.671663, acc: 0.726--- 0.5076 seconds ---
435 / 1500 epochTrain loss: 0.473339, acc: 0.796 Val loss: 0.668501, acc: 0.724--- 0.5088 seconds ---
436 / 1500 epochTrain loss: 0.472985, acc: 0.795 Val loss: 0.671775, acc: 0.725--- 0.5097 seconds ---
437 / 1500 epochTrain loss: 0.473524, acc: 0.795 Val loss: 0.673425, acc: 0.726--- 0.5101 seconds ---
438 / 1500 epochTrain loss: 0.474641, acc: 0.795 Val loss: 0.666378, acc: 0.728--- 0.5108 seconds ---
439 / 1500 epochTrain loss: 0.473313, acc: 0.794 Val loss: 0.667738, acc: 0.726--- 0.5084 seconds ---
440 / 1500 epochTrain loss: 0.474521, acc: 0.793 Val loss: 0.670562, acc: 0.723--- 0.5051 seconds ---
441 / 1500 epochTrain loss: 0.473320, acc: 0.795 Val loss: 0.669857, acc: 0.724--- 0.5051 seconds ---
442 / 1500 epochTrain loss: 0.474923, acc: 0.795 Val loss: 0.667060, acc: 0.727--- 0.5171 seconds ---
443 / 1500 epochTrain loss: 0.473040, acc: 0.796 Val loss: 0.667494, acc: 0.724--- 0.5063 seconds ---
444 / 1500 epochTrain loss: 0.474244, acc: 0.795 Val loss: 0.666609, acc: 0.724--- 0.5083 seconds ---
445 / 1500 epochTrain loss: 0.473279, acc: 0.795 Val loss: 0.665824, acc: 0.727--- 0.5074 seconds ---
446 / 1500 epochTrain loss: 0.473378, acc: 0.794 Val loss: 0.664473, acc: 0.726--- 0.5090 seconds ---
447 / 1500 epochTrain loss: 0.473181, acc: 0.794 Val loss: 0.662538, acc: 0.726--- 0.5123 seconds ---
448 / 1500 epochTrain loss: 0.474160, acc: 0.794 Val loss: 0.661332, acc: 0.728--- 0.5073 seconds ---
449 / 1500 epochTrain loss: 0.474010, acc: 0.794 Val loss: 0.665273, acc: 0.730--- 0.5077 seconds ---
450 / 1500 epochTrain loss: 0.474005, acc: 0.795 Val loss: 0.669791, acc: 0.728--- 0.5083 seconds ---
451 / 1500 epochTrain loss: 0.472009, acc: 0.795 Val loss: 0.672852, acc: 0.731--- 0.5117 seconds ---
452 / 1500 epochTrain loss: 0.472310, acc: 0.796 Val loss: 0.672457, acc: 0.727--- 0.5059 seconds ---
453 / 1500 epochTrain loss: 0.472851, acc: 0.795 Val loss: 0.670054, acc: 0.730--- 0.5103 seconds ---
454 / 1500 epochTrain loss: 0.472704, acc: 0.796 Val loss: 0.666563, acc: 0.729--- 0.5064 seconds ---
455 / 1500 epochTrain loss: 0.473498, acc: 0.795 Val loss: 0.666605, acc: 0.728--- 0.5099 seconds ---
456 / 1500 epochTrain loss: 0.473209, acc: 0.794 Val loss: 0.667007, acc: 0.727--- 0.5049 seconds ---
457 / 1500 epochTrain loss: 0.473937, acc: 0.794 Val loss: 0.664050, acc: 0.729--- 0.5082 seconds ---
458 / 1500 epochTrain loss: 0.472411, acc: 0.796 Val loss: 0.668895, acc: 0.728--- 0.5102 seconds ---
459 / 1500 epochTrain loss: 0.472876, acc: 0.795 Val loss: 0.672971, acc: 0.729--- 0.5129 seconds ---
460 / 1500 epochTrain loss: 0.472876, acc: 0.795 Val loss: 0.669603, acc: 0.728--- 0.5080 seconds ---
461 / 1500 epochTrain loss: 0.471535, acc: 0.798 Val loss: 0.669410, acc: 0.728--- 0.5073 seconds ---
462 / 1500 epochTrain loss: 0.472528, acc: 0.796 Val loss: 0.671738, acc: 0.732--- 0.5057 seconds ---
463 / 1500 epochTrain loss: 0.473776, acc: 0.795 Val loss: 0.664321, acc: 0.731--- 0.5159 seconds ---
464 / 1500 epochTrain loss: 0.473118, acc: 0.796 Val loss: 0.662490, acc: 0.727--- 0.5092 seconds ---
465 / 1500 epochTrain loss: 0.472974, acc: 0.794 Val loss: 0.665371, acc: 0.728--- 0.5092 seconds ---
466 / 1500 epochTrain loss: 0.472900, acc: 0.794 Val loss: 0.664600, acc: 0.727--- 0.5065 seconds ---
467 / 1500 epochTrain loss: 0.473301, acc: 0.794 Val loss: 0.663323, acc: 0.728--- 0.5055 seconds ---
468 / 1500 epochTrain loss: 0.472729, acc: 0.794 Val loss: 0.668004, acc: 0.727--- 0.5084 seconds ---
469 / 1500 epochTrain loss: 0.473085, acc: 0.794 Val loss: 0.671136, acc: 0.730--- 0.5082 seconds ---
470 / 1500 epochTrain loss: 0.474229, acc: 0.795 Val loss: 0.663940, acc: 0.729--- 0.5070 seconds ---
471 / 1500 epochTrain loss: 0.472669, acc: 0.794 Val loss: 0.663819, acc: 0.730--- 0.5079 seconds ---
472 / 1500 epochTrain loss: 0.473565, acc: 0.794 Val loss: 0.669258, acc: 0.730--- 0.5106 seconds ---
473 / 1500 epochTrain loss: 0.472825, acc: 0.794 Val loss: 0.668222, acc: 0.730--- 0.5079 seconds ---
474 / 1500 epochTrain loss: 0.473390, acc: 0.795 Val loss: 0.662466, acc: 0.731--- 0.5075 seconds ---
475 / 1500 epochTrain loss: 0.472323, acc: 0.797 Val loss: 0.666052, acc: 0.730--- 0.5087 seconds ---
476 / 1500 epochTrain loss: 0.472222, acc: 0.797 Val loss: 0.670119, acc: 0.730--- 0.5074 seconds ---
477 / 1500 epochTrain loss: 0.472335, acc: 0.797 Val loss: 0.666280, acc: 0.730--- 0.5087 seconds ---
478 / 1500 epochTrain loss: 0.472547, acc: 0.797 Val loss: 0.664253, acc: 0.730--- 0.5085 seconds ---
479 / 1500 epochTrain loss: 0.472366, acc: 0.796 Val loss: 0.670350, acc: 0.731--- 0.5119 seconds ---
480 / 1500 epochTrain loss: 0.472585, acc: 0.796 Val loss: 0.667769, acc: 0.726--- 0.5101 seconds ---
481 / 1500 epochTrain loss: 0.472308, acc: 0.796 Val loss: 0.662063, acc: 0.728--- 0.5064 seconds ---
482 / 1500 epochTrain loss: 0.472179, acc: 0.797 Val loss: 0.665858, acc: 0.723--- 0.5029 seconds ---
483 / 1500 epochTrain loss: 0.473383, acc: 0.795 Val loss: 0.670217, acc: 0.720--- 0.5166 seconds ---
484 / 1500 epochTrain loss: 0.472198, acc: 0.796 Val loss: 0.667128, acc: 0.724--- 0.5100 seconds ---
485 / 1500 epochTrain loss: 0.472510, acc: 0.794 Val loss: 0.667588, acc: 0.725--- 0.5104 seconds ---
486 / 1500 epochTrain loss: 0.473939, acc: 0.794 Val loss: 0.667893, acc: 0.721--- 0.5080 seconds ---
487 / 1500 epochTrain loss: 0.472472, acc: 0.794 Val loss: 0.668104, acc: 0.722--- 0.5094 seconds ---
488 / 1500 epochTrain loss: 0.473120, acc: 0.794 Val loss: 0.668338, acc: 0.721--- 0.5085 seconds ---
489 / 1500 epochTrain loss: 0.471643, acc: 0.795 Val loss: 0.667975, acc: 0.724--- 0.5059 seconds ---
490 / 1500 epochTrain loss: 0.472850, acc: 0.796 Val loss: 0.665633, acc: 0.724--- 0.5140 seconds ---
491 / 1500 epochTrain loss: 0.472177, acc: 0.798 Val loss: 0.667433, acc: 0.722--- 0.5077 seconds ---
492 / 1500 epochTrain loss: 0.472610, acc: 0.796 Val loss: 0.669766, acc: 0.721--- 0.5053 seconds ---
493 / 1500 epochTrain loss: 0.473788, acc: 0.797 Val loss: 0.664345, acc: 0.726--- 0.5070 seconds ---
494 / 1500 epochTrain loss: 0.472789, acc: 0.797 Val loss: 0.665472, acc: 0.725--- 0.5075 seconds ---
495 / 1500 epochTrain loss: 0.473141, acc: 0.797 Val loss: 0.667307, acc: 0.727--- 0.5085 seconds ---
496 / 1500 epochTrain loss: 0.473423, acc: 0.796 Val loss: 0.663036, acc: 0.726--- 0.5100 seconds ---
497 / 1500 epochTrain loss: 0.471415, acc: 0.796 Val loss: 0.665671, acc: 0.726--- 0.5127 seconds ---
498 / 1500 epochTrain loss: 0.472193, acc: 0.796 Val loss: 0.666182, acc: 0.730--- 0.5172 seconds ---
499 / 1500 epochTrain loss: 0.472070, acc: 0.797 Val loss: 0.662323, acc: 0.727--- 0.5103 seconds ---
500 / 1500 epochTrain loss: 0.473173, acc: 0.795 Val loss: 0.660363, acc: 0.727--- 0.5106 seconds ---
501 / 1500 epochTrain loss: 0.472767, acc: 0.797 Val loss: 0.666971, acc: 0.724--- 0.5068 seconds ---
502 / 1500 epochTrain loss: 0.473941, acc: 0.792 Val loss: 0.667795, acc: 0.729--- 0.5101 seconds ---
503 / 1500 epochTrain loss: 0.472254, acc: 0.797 Val loss: 0.670990, acc: 0.727--- 0.5210 seconds ---
504 / 1500 epochTrain loss: 0.473256, acc: 0.798 Val loss: 0.666828, acc: 0.726--- 0.5178 seconds ---
505 / 1500 epochTrain loss: 0.471792, acc: 0.799 Val loss: 0.667696, acc: 0.726--- 0.5071 seconds ---
506 / 1500 epochTrain loss: 0.471983, acc: 0.798 Val loss: 0.667434, acc: 0.731--- 0.5128 seconds ---
507 / 1500 epochTrain loss: 0.473289, acc: 0.796 Val loss: 0.662518, acc: 0.727--- 0.5069 seconds ---
508 / 1500 epochTrain loss: 0.472715, acc: 0.797 Val loss: 0.665131, acc: 0.728--- 0.5064 seconds ---
509 / 1500 epochTrain loss: 0.473565, acc: 0.795 Val loss: 0.665403, acc: 0.730--- 0.5088 seconds ---
510 / 1500 epochTrain loss: 0.474178, acc: 0.794 Val loss: 0.666131, acc: 0.726--- 0.5099 seconds ---
511 / 1500 epochTrain loss: 0.472408, acc: 0.796 Val loss: 0.672446, acc: 0.728--- 0.5122 seconds ---
512 / 1500 epochTrain loss: 0.472126, acc: 0.797 Val loss: 0.671376, acc: 0.728--- 0.5074 seconds ---
513 / 1500 epochTrain loss: 0.471722, acc: 0.796 Val loss: 0.668847, acc: 0.726--- 0.5081 seconds ---
514 / 1500 epochTrain loss: 0.472682, acc: 0.796 Val loss: 0.665476, acc: 0.728--- 0.5084 seconds ---
515 / 1500 epochTrain loss: 0.471248, acc: 0.797 Val loss: 0.663166, acc: 0.731--- 0.5090 seconds ---
516 / 1500 epochTrain loss: 0.472897, acc: 0.797 Val loss: 0.660953, acc: 0.724--- 0.5059 seconds ---
517 / 1500 epochTrain loss: 0.472683, acc: 0.795 Val loss: 0.669305, acc: 0.724--- 0.5103 seconds ---
518 / 1500 epochTrain loss: 0.472504, acc: 0.795 Val loss: 0.672826, acc: 0.724--- 0.5096 seconds ---
519 / 1500 epochTrain loss: 0.472933, acc: 0.795 Val loss: 0.665319, acc: 0.727--- 0.5109 seconds ---
520 / 1500 epochTrain loss: 0.474040, acc: 0.795 Val loss: 0.664722, acc: 0.726--- 0.5097 seconds ---
521 / 1500 epochTrain loss: 0.472461, acc: 0.794 Val loss: 0.672412, acc: 0.725--- 0.5124 seconds ---
522 / 1500 epochTrain loss: 0.472968, acc: 0.795 Val loss: 0.670652, acc: 0.726--- 0.5096 seconds ---
523 / 1500 epochTrain loss: 0.473430, acc: 0.796 Val loss: 0.665122, acc: 0.731--- 0.5071 seconds ---
524 / 1500 epochTrain loss: 0.473251, acc: 0.796 Val loss: 0.670488, acc: 0.727--- 0.5174 seconds ---
525 / 1500 epochTrain loss: 0.471919, acc: 0.797 Val loss: 0.675494, acc: 0.727--- 0.5074 seconds ---
526 / 1500 epochTrain loss: 0.472512, acc: 0.796 Val loss: 0.669196, acc: 0.730--- 0.5075 seconds ---
527 / 1500 epochTrain loss: 0.473181, acc: 0.795 Val loss: 0.660057, acc: 0.734--- 0.5101 seconds ---
528 / 1500 epochTrain loss: 0.471952, acc: 0.796 Val loss: 0.671257, acc: 0.728--- 0.5083 seconds ---
529 / 1500 epochTrain loss: 0.472068, acc: 0.795 Val loss: 0.679879, acc: 0.728--- 0.5095 seconds ---
530 / 1500 epochTrain loss: 0.473197, acc: 0.795 Val loss: 0.670500, acc: 0.731--- 0.5073 seconds ---
531 / 1500 epochTrain loss: 0.472251, acc: 0.796 Val loss: 0.664189, acc: 0.727--- 0.5063 seconds ---
532 / 1500 epochTrain loss: 0.471825, acc: 0.796 Val loss: 0.667264, acc: 0.727--- 0.5066 seconds ---
533 / 1500 epochTrain loss: 0.471982, acc: 0.797 Val loss: 0.665883, acc: 0.726--- 0.5066 seconds ---
534 / 1500 epochTrain loss: 0.472781, acc: 0.797 Val loss: 0.662806, acc: 0.727--- 0.5083 seconds ---
535 / 1500 epochTrain loss: 0.473124, acc: 0.798 Val loss: 0.670114, acc: 0.725--- 0.5078 seconds ---
536 / 1500 epochTrain loss: 0.472626, acc: 0.797 Val loss: 0.673862, acc: 0.727--- 0.5096 seconds ---
537 / 1500 epochTrain loss: 0.472835, acc: 0.796 Val loss: 0.669891, acc: 0.732--- 0.5093 seconds ---
538 / 1500 epochTrain loss: 0.471939, acc: 0.797 Val loss: 0.664701, acc: 0.731--- 0.5076 seconds ---
539 / 1500 epochTrain loss: 0.471235, acc: 0.797 Val loss: 0.671429, acc: 0.731--- 0.5106 seconds ---
540 / 1500 epochTrain loss: 0.472621, acc: 0.798 Val loss: 0.672165, acc: 0.730--- 0.5046 seconds ---
541 / 1500 epochTrain loss: 0.473064, acc: 0.797 Val loss: 0.666997, acc: 0.731--- 0.5078 seconds ---
542 / 1500 epochTrain loss: 0.472011, acc: 0.798 Val loss: 0.668351, acc: 0.732--- 0.5063 seconds ---
543 / 1500 epochTrain loss: 0.472671, acc: 0.797 Val loss: 0.671654, acc: 0.728--- 0.5073 seconds ---
544 / 1500 epochTrain loss: 0.470353, acc: 0.797 Val loss: 0.673741, acc: 0.735--- 0.5064 seconds ---
545 / 1500 epochTrain loss: 0.472086, acc: 0.797 Val loss: 0.668495, acc: 0.736--- 0.5092 seconds ---
546 / 1500 epochTrain loss: 0.472935, acc: 0.798 Val loss: 0.669924, acc: 0.731--- 0.5075 seconds ---
547 / 1500 epochTrain loss: 0.472351, acc: 0.795 Val loss: 0.675828, acc: 0.730--- 0.5092 seconds ---
548 / 1500 epochTrain loss: 0.472600, acc: 0.795 Val loss: 0.668975, acc: 0.729--- 0.5070 seconds ---
549 / 1500 epochTrain loss: 0.471743, acc: 0.795 Val loss: 0.668558, acc: 0.730--- 0.5090 seconds ---
550 / 1500 epochTrain loss: 0.473500, acc: 0.796 Val loss: 0.671811, acc: 0.727--- 0.5071 seconds ---
551 / 1500 epochTrain loss: 0.472657, acc: 0.795 Val loss: 0.674593, acc: 0.728--- 0.5102 seconds ---
552 / 1500 epochTrain loss: 0.474164, acc: 0.796 Val loss: 0.666894, acc: 0.727--- 0.5046 seconds ---
553 / 1500 epochTrain loss: 0.472703, acc: 0.795 Val loss: 0.668096, acc: 0.729--- 0.5123 seconds ---
554 / 1500 epochTrain loss: 0.472182, acc: 0.796 Val loss: 0.674666, acc: 0.732--- 0.5076 seconds ---
555 / 1500 epochTrain loss: 0.470709, acc: 0.798 Val loss: 0.675860, acc: 0.734--- 0.5101 seconds ---
556 / 1500 epochTrain loss: 0.472481, acc: 0.798 Val loss: 0.666470, acc: 0.734--- 0.5136 seconds ---
557 / 1500 epochTrain loss: 0.472630, acc: 0.798 Val loss: 0.669094, acc: 0.734--- 0.5104 seconds ---
558 / 1500 epochTrain loss: 0.471686, acc: 0.796 Val loss: 0.677537, acc: 0.730--- 0.5103 seconds ---
559 / 1500 epochTrain loss: 0.470637, acc: 0.797 Val loss: 0.666742, acc: 0.727--- 0.5085 seconds ---
560 / 1500 epochTrain loss: 0.474070, acc: 0.797 Val loss: 0.663149, acc: 0.724--- 0.5078 seconds ---
561 / 1500 epochTrain loss: 0.473091, acc: 0.795 Val loss: 0.672012, acc: 0.724--- 0.5084 seconds ---
562 / 1500 epochTrain loss: 0.471134, acc: 0.794 Val loss: 0.667183, acc: 0.724--- 0.5076 seconds ---
563 / 1500 epochTrain loss: 0.470931, acc: 0.793 Val loss: 0.664373, acc: 0.728--- 0.5098 seconds ---
564 / 1500 epochTrain loss: 0.469883, acc: 0.797 Val loss: 0.675665, acc: 0.726--- 0.5081 seconds ---
565 / 1500 epochTrain loss: 0.470791, acc: 0.796 Val loss: 0.677533, acc: 0.725--- 0.5179 seconds ---
566 / 1500 epochTrain loss: 0.471848, acc: 0.797 Val loss: 0.670228, acc: 0.731--- 0.5070 seconds ---

